211
92
725
611
418
202
379
630
440
68
628
642
557
64
767
241
701
399
141
482
803
254
218
509
456
974
847
277
689
146
141
665
127
629
636
646
759
253
497
165
42
856
838
724
599
409
467
508
555
527
466
287
523
379
512
531
416
51
407
776
170
528
233
434
232
520
32
546
538
641
40
447
474
443
589
765
727
449
393
224
665
900
462
231
835
995
425
831
689
746
111
707
907
734
58
477
122
395
476
540
904
402
605
466
412
91
759
816
458
26
13
896
113
713
820
6
790
778
394
605
735
679
883
770
777
825
531
823
106
313
165
174
507
253
658
343
909
442
838
720
109
363
620
137
778
276
473
569
786
957
846
488
453
110
23
241
633
892
480
803
772
677
128
630
96
381
589
973
777
270
535
571
306
565
769
614
518
71
305
931
530
784
833
348
39
11
230
501
93
595
102
687
811
380
719
918
612
471
674
246
963
785
381
997
871
47
912
108
721
799
72
584
610
854
255
999
522
490
421
881
155
107
520
973
908
835
606
332
497
302
11
342
520
232
270
88
310
218
342
623
824
497
426
956
526
507
261
579
729
478
440
417
550
711
570
233
698
940
459
723
277
639
494
675
211
527
516
497
741
516
733
530
759
927
850
91
858
132
182
861
585
717
987
753
865
180
800
208
274
700
824
920
50
580
334
887
769
938
204
61
71
520
835
306
81
350
405
305
842
252
166
760
542
761
609
709
770
565
583
630
55
311
786
549
142
964
327
862
733
629
946
775
719
107
628
427
450
618
159
122
658
815
178
529
227
175
615
169
756
582
794
231
726
657
149
832
131
464
622
30
700
19
514
467
843
176
274
304
959
998
356
187
142
210
693
804
341
915
826
706
874
596
661
310
186
629
284
723
223
862
630
193
985
66
871
821
334
636
971
694
924
216
215
159
490
184
523
388
767
25
467
579
698
490
421
248
992
393
933
956
109
954
35
435
513
820
94
929
195
498
866
609
540
683
301
474
922
902
632
134
469
581
857
639
215
605
901
465
92
936
706
798
520
271
706
666
472
39
395
124
232
822
820
997
932
890
338
792
930
495
81
558
421
467
814
796
765
208
209
380
585
509
376
877
462
153
942
288
969
533
666
112
464
405
68
221
655
643
298
773
711
343
553
663
256
823
271
382
799
271
293
582
131
6
755
78
650
573
979
753
88
684
735
747
855
922
190
181
242
448
881
77
955
723
476
390
613
789
560
135
979
431
718
178
735
333
582
683
463
422
941
243
74
710
309
320
825
745
446
307
200
102
450
989
235
662
671
678
893
217
301
388
852
827
903
413
769
207
486
58
923
440
529
632
619
976
745
507
962
215
137
648
758
194
938
376
155
869
828
749
663
270
970
866
870
848
228
171
540
760
711
926
473
904
914
236
446
518
279
64
278
120
442
795
359
222
149
274
688
683
689
349
821
217
842
444
525
809
362
391
876
564
917
74
917
177
428
380
311
268
307
467
665
631
749
350
552
567
215
343
572
877
642
682
219
887
658
710
637
763
987
967
71
655
396
365
147
152
403
260
988
429
312
489
191
968
350
62
388
257
564
355
13
534
961
81
430
18
86
188
466
256
221
364
190
789
655
568
262
144
804
224
494
199
787
997
596
999
514
223
752
583
743
18
381
650
828
174
177
391
553
530
992
743
20
565
287
50
475
752
612
366
250
643
315
765
376
410
572
625
796
532
312
335
405
313
809
590
95
501
569
442
993
92
763
585
275
892
86
818
980
554
448
221
706
258
919
874
491
494
59
802
728
362
47
596
34
162
606
613
68
753
938
655
248
351
39
309
605
638
270
368
886
993
94
769
798
352
558
684
448
917
269
589
763
5
937
145
594
83
742
315
289
39
775
34
803
702
744
260
137
750
28
314
653
768
786
999
636
923
18
301
946
921
966
302
688
392
451
556
272
167
927
845
897
954
740
167
598
933
290
996
264
313
772
618
220
861
912
154
591
805
362
370
790
935
530
633
75
432
673
535
849
818
507
679
472
32
303
18
388
544
338
544
928
515
408
85
112
612
980
590
948
850
312
575
584
940
277
819
736
704
638
543
289
456
272
411
763
106
505
846
546
795
482
333
652
39
919
31
493
639
691
432
278
231
520
848
148
11
676
72
900
661
663
24
476
102
177
520
405
191
776
913
236
138
343
702
144
482
115
413
815
764
679
532
145
864
543
609
853
32
1
635
114
651
175
22
229
686
745
135
770
729
344
421
790
730
357
728
425
488
480
673
121
949
125
173
17
776
