311
608
555
309
552
864
412
564
525
637
628
431
272
90
523
407
127
3
88
772
34
44
962
939
234
783
798
283
589
402
515
140
838
11
433
549
946
720
208
528
965
239
61
964
227
879
479
134
666
354
264
942
516
783
279
465
971
600
506
896
485
253
664
628
304
962
900
268
70
204
654
214
753
892
604
134
618
277
70
269
842
392
263
16
260
993
87
580
762
485
374
59
675
82
362
534
863
468
369
640
817
472
354
666
51
78
646
512
736
952
724
191
178
89
338
569
227
772
688
407
33
714
846
441
571
567
757
509
672
498
651
890
271
695
72
400
400
427
902
63
610
116
21
968
110
658
668
803
704
613
556
342
829
492
230
886
880
415
221
645
495
338
750
289
387
23
532
941
173
751
216
478
675
388
53
260
825
726
873
779
837
304
944
333
347
222
851
341
511
462
758
235
401
280
903
943
617
2
217
292
924
829
320
922
536
334
759
271
105
706
54
140
798
377
800
824
445
437
168
515
715
575
371
417
440
478
368
737
175
982
516
464
3
113
27
639
892
732
249
262
873
249
14
875
552
924
943
555
161
316
665
956
776
872
441
965
769
811
303
138
590
85
33
591
532
992
492
432
980
356
797
108
525
543
773
932
478
365
155
563
673
455
595
507
12
147
508
713
161
480
200
255
916
644
428
853
357
805
431
27
163
648
832
956
545
217
207
106
733
527
334
259
739
691
953
133
184
973
968
371
306
739
757
300
869
559
424
524
584
180
833
337
814
261
245
452
433
450
681
306
449
624
461
247
169
355
847
878
234
602
640
438
106
248
564
764
908
226
403
249
755
530
916
457
401
327
449
648
273
567
918
568
501
354
627
163
889
348
913
433
662
702
473
391
339
658
856
780
78
689
863
489
776
994
926
677
215
290
833
426
21
891
530
207
61
443
334
715
278
697
12
307
928
565
79
328
195
781
957
768
910
952
361
967
597
361
779
729
660
50
887
671
265
506
122
724
830
949
336
43
683
6
675
727
858
539
334
294
772
277
168
155
849
515
76
575
69
786
413
211
830
979
439
948
281
857
993
139
996
829
814
168
94
432
834
315
667
412
754
246
628
631
204
738
203
238
502
165
363
434
114
149
230
825
575
924
337
435
899
839
282
159
556
572
866
618
246
840
789
612
878
267
461
55
381
409
39
316
649
37
581
212
197
812
266
79
289
11
997
13
580
989
261
607
349
173
850
865
306
941
516
766
135
153
141
864
352
875
73
419
250
76
558
132
891
139
814
475
722
933
897
370
993
673
864
273
631
662
44
16
562
324
861
840
417
708
519
190
528
157
558
621
365
636
458
175
695
527
493
927
422
622
537
454
901
542
456
425
212
403
987
467
746
690
859
924
728
873
934
278
353
667
49
167
573
267
677
312
5
236
92
105
648
154
362
742
580
441
752
955
209
833
923
655
727
330
755
328
896
634
808
187
543
360
879
549
391
940
531
796
329
93
742
539
894
790
966
382
587
182
949
26
178
226
64
607
924
146
737
766
412
589
272
953
135
177
508
819
160
171
439
254
176
583
432
602
146
165
18
592
116
576
162
148
730
676
318
680
589
451
624
627
985
340
186
861
372
18
283
237
857
836
63
642
13
118
85
154
185
291
123
386
245
932
908
731
950
914
769
597
255
36
93
523
459
437
713
947
754
430
81
487
449
987
878
117
180
397
570
983
695
300
451
248
170
270
302
484
66
104
621
491
692
823
387
898
613
147
355
133
758
2
241
413
395
13
944
58
945
417
923
453
223
292
151
245
454
521
5
180
962
298
246
189
451
321
399
700
461
179
299
601
642
113
144
915
394
741
985
957
273
989
555
536
126
447
636
341
388
762
773
365
722
636
936
39
437
789
164
813
941
183
341
619
356
689
489
884
947
294
493
923
87
783
974
924
969
426
348
733
771
412
921
44
197
914
575
502
192
136
614
664
410
613
309
478
936
955
697
542
962
542
793
824
599
409
545
412
185
327
597
904
972
300
581
949
0
417
311
221
206
534
395
131
8
895
871
134
464
910
827
403
546
945
239
919
78
439
296
310
205
52
681
595
781
342
278
244
295
540
332
752
62
58
989
560
450
371
919
544
954
844
620
57
425
937
732
188
679
878
582
116
367
164
326
729
705
958
536
653
846
791
810
940
649
513
800
725
829
12
321
167
657
58
183
626
185
179
196
756
478
634
447
100
5
507
406
478
524
119
622
483
201
990
245
188
229
815
305
612
246
623
785
816
242
267
137
931
39
636
