250
486
722
130
76
318
398
262
701
254
390
426
373
409
857
87
39
327
422
818
560
244
289
794
279
573
692
811
693
571
887
799
353
769
363
44
152
992
592
641
576
409
73
402
680
122
945
107
846
682
828
592
812
886
604
675
103
814
143
407
126
634
801
962
636
389
667
431
657
484
912
985
499
616
776
187
445
182
579
36
121
40
59
841
943
133
182
739
290
403
847
47
979
141
504
684
429
151
839
151
116
526
850
458
378
317
47
683
312
306
812
864
789
62
103
433
542
532
860
478
482
641
714
615
905
609
576
802
360
11
297
295
836
378
608
472
865
724
746
28
773
976
255
579
637
304
996
875
780
822
401
856
692
691
226
691
258
914
548
705
123
244
493
764
124
380
776
664
467
226
405
963
552
749
833
311
463
465
286
732
788
545
937
774
419
382
572
998
460
741
472
45
736
806
897
682
570
777
462
244
828
795
571
764
685
174
389
18
492
614
57
16
716
536
489
355
852
381
724
357
962
188
961
24
651
414
40
813
745
99
829
331
554
442
146
891
249
373
271
943
507
339
689
619
120
950
740
419
819
573
534
764
664
493
482
440
874
280
30
169
566
63
393
182
87
803
572
675
614
415
308
578
238
114
585
256
106
9
839
299
468
233
22
567
514
90
648
0
919
271
14
857
667
841
311
827
472
828
967
73
986
937
760
504
410
954
287
268
96
916
805
78
274
462
552
474
93
609
518
396
326
152
630
178
902
734
594
893
72
54
693
993
352
845
365
204
466
677
253
635
868
723
722
120
737
232
976
248
563
500
968
953
420
878
344
960
850
512
447
472
44
127
931
319
549
393
17
594
235
703
272
977
820
90
75
837
279
114
961
646
186
545
3
82
565
861
617
847
634
925
937
657
232
67
693
414
259
568
584
271
521
765
893
290
731
805
515
282
230
496
625
40
493
346
610
19
781
827
941
770
165
519
549
698
239
13
535
12
127
853
541
430
856
251
350
905
461
552
943
682
267
719
658
226
504
757
322
552
799
561
712
727
788
332
309
322
390
674
253
115
750
366
924
323
659
524
832
243
679
735
258
505
529
403
522
327
127
644
966
790
368
630
206
32
316
726
856
290
457
525
795
880
371
709
386
738
206
300
815
732
867
142
313
468
293
639
651
716
599
717
826
32
516
908
627
289
594
971
255
720
443
675
989
382
570
96
162
256
231
168
87
520
607
777
350
662
979
375
154
661
586
971
883
754
654
615
147
784
360
149
992
127
617
352
246
139
63
538
496
344
400
220
27
114
77
180
352
683
710
480
283
414
206
674
516
921
235
468
354
639
604
274
543
739
247
110
436
921
918
823
329
118
485
11
337
408
651
507
992
527
507
478
746
675
294
29
106
999
358
142
299
348
801
621
871
136
160
796
561
437
699
986
553
886
636
42
964
572
356
210
732
895
622
372
147
367
590
434
520
251
876
690
532
8
995
617
164
267
137
444
539
195
83
737
10
525
759
860
239
450
317
366
0
798
786
87
562
975
770
244
610
182
745
380
23
754
823
716
27
919
422
418
260
526
289
207
123
582
658
854
159
120
472
361
967
984
324
514
483
191
206
63
949
110
985
135
970
181
23
353
839
33
938
307
753
259
745
176
13
693
155
35
169
240
275
120
69
18
583
954
825
531
463
559
573
54
775
343
303
500
433
595
700
523
458
291
150
734
103
568
502
711
492
32
791
632
16
503
711
118
641
570
26
854
223
784
556
978
568
321
19
812
688
344
191
779
474
917
471
635
247
955
546
271
673
480
470
882
725
483
472
419
564
999
312
854
956
446
360
310
279
145
514
153
648
51
939
893
837
110
32
702
709
205
115
17
904
104
202
994
101
790
36
162
652
157
473
205
9
149
357
327
201
82
384
494
421
640
725
931
232
233
837
610
614
618
599
193
547
307
23
254
668
453
792
81
590
311
983
688
794
585
902
296
346
153
401
985
923
523
560
227
286
275
554
789
436
22
50
260
134
750
345
240
911
693
96
122
278
297
799
746
587
526
223
838
749
233
25
788
278
184
65
592
405
903
754
345
645
893
711
749
654
141
203
301
88
112
446
188
112
352
45
537
49
400
37
211
616
879
667
404
515
379
131
494
478
529
683
282
396
603
930
88
183
955
187
937
517
604
32
32
55
440
13
231
782
683
627
709
180
158
677
109
341
200
274
626
840
303
879
886
869
468
168
906
389
428
387
584
49
83
650
716
400
492
875
121
672
155
357
807
488
851
777
706
623
699
699
967
