717
515
784
89
320
838
225
683
110
880
845
494
657
677
976
90
419
283
348
669
309
781
544
52
285
951
717
186
622
989
372
286
369
948
35
683
738
453
399
505
189
234
108
356
943
342
407
350
153
637
444
798
23
556
579
204
359
135
614
855
925
198
149
701
740
603
650
183
998
186
289
495
644
517
823
822
297
211
796
14
704
461
530
849
767
805
821
45
587
851
573
100
459
813
46
876
248
193
9
607
897
995
443
320
102
286
395
779
971
953
937
847
580
47
530
644
399
154
672
691
804
798
582
494
313
974
505
428
483
973
115
393
511
498
1
832
815
817
787
302
280
66
708
341
807
473
7
393
164
505
313
986
39
181
870
783
966
453
964
403
624
761
228
815
740
365
223
884
379
201
444
355
917
468
407
283
583
980
142
173
281
213
101
304
774
788
17
628
253
22
194
701
476
666
121
846
180
983
385
167
815
467
402
29
582
626
912
501
791
855
778
332
500
402
230
702
415
910
946
625
817
990
550
189
746
739
77
42
34
340
203
198
350
675
24
506
519
312
473
327
148
900
608
138
175
524
970
426
845
896
622
482
895
95
62
671
878
617
534
287
355
713
737
900
28
164
2
204
835
202
144
126
288
464
595
11
367
216
99
95
132
782
921
539
459
95
12
904
836
504
869
89
563
96
471
573
206
483
373
416
95
796
792
62
593
423
888
403
0
584
919
194
681
147
373
919
289
57
70
691
257
83
360
676
942
743
409
998
279
524
869
963
623
187
36
226
179
892
858
502
854
682
169
366
935
516
161
900
92
825
23
29
328
831
59
292
287
256
515
851
3
746
693
847
79
850
242
542
824
772
38
288
860
633
220
527
474
517
495
557
809
67
835
104
501
792
241
349
308
329
225
86
230
90
986
121
227
172
501
847
462
202
832
172
527
945
70
562
607
457
603
813
484
28
829
275
228
569
839
370
231
741
319
581
165
88
951
509
438
471
9
40
136
500
475
176
779
550
361
834
113
677
938
825
377
566
787
488
530
487
88
497
573
113
849
612
403
663
545
182
37
983
857
949
115
227
67
38
516
252
451
860
484
245
152
230
475
311
816
923
586
334
401
428
761
639
964
718
364
780
899
650
28
694
571
139
993
414
557
388
293
256
967
811
556
780
184
262
768
930
896
80
217
609
157
744
161
917
434
167
453
483
826
908
367
209
634
21
24
127
741
564
964
580
353
700
694
343
174
390
154
331
87
956
625
245
241
681
655
525
192
212
200
23
353
719
321
749
18
152
716
307
678
667
251
782
500
153
421
729
839
930
710
278
409
795
32
70
512
563
96
757
50
424
11
141
933
201
504
477
687
239
783
213
308
669
582
689
774
241
845
776
319
414
351
232
850
983
89
503
247
282
847
160
597
639
554
24
441
12
214
965
453
38
79
522
132
526
691
257
474
758
234
254
377
998
259
659
286
823
201
645
513
674
490
114
571
926
439
830
90
149
695
449
472
258
687
574
314
818
988
34
932
620
385
239
594
269
236
813
825
900
554
652
939
111
675
40
658
568
32
937
948
808
761
53
836
647
771
213
977
501
415
97
160
199
845
480
501
689
127
385
471
876
706
983
161
173
959
820
220
258
545
485
906
737
214
566
581
791
408
834
222
906
486
592
130
876
171
13
303
892
984
35
508
227
949
867
270
591
858
916
46
415
964
927
848
660
756
478
679
456
169
969
612
727
333
109
734
942
149
946
3
572
234
983
556
155
621
115
462
571
288
99
981
12
863
507
843
709
333
283
838
630
226
896
400
6
58
947
8
146
649
842
654
219
899
769
347
3
280
213
390
547
100
117
139
932
909
589
71
944
157
328
543
348
24
609
333
429
327
566
812
515
730
402
419
390
805
5
173
228
105
51
250
397
723
334
326
723
386
376
367
809
802
281
772
694
117
880
16
246
89
642
238
358
549
373
815
242
557
128
591
892
37
697
685
547
713
946
609
886
475
425
560
267
678
450
962
521
767
683
333
854
956
836
714
838
653
536
949
585
150
973
131
767
742
756
316
650
706
933
95
368
187
955
829
820
710
823
533
936
514
396
719
729
292
390
540
895
590
271
50
512
750
336
230
16
498
352
306
934
338
180
54
430
470
195
858
606
742
853
178
32
208
384
370
291
548
574
529
518
36
310
642
538
591
893
684
899
69
521
516
283
452
274
401
475
264
877
493
279
434
550
787
156
863
242
539
72
81
655
611
526
52
368
656
669
158
992
322
469
497
762
733
293
685
587
363
547
