341
641
524
327
912
911
176
441
73
497
544
620
585
299
387
300
776
828
214
297
7
292
159
433
1
853
537
206
31
766
36
183
343
489
528
289
488
582
774
486
725
177
179
382
603
599
570
962
929
318
509
16
91
138
936
688
51
939
138
332
756
132
872
430
964
431
576
612
518
851
671
191
513
768
447
778
449
553
817
293
952
511
459
880
320
791
606
613
72
882
206
310
528
723
438
854
202
749
720
4
351
674
975
953
299
712
385
138
263
989
148
714
473
596
179
607
90
232
260
156
508
733
738
239
821
894
195
697
780
768
77
675
111
134
369
384
343
262
252
901
152
633
278
116
649
399
473
536
76
120
944
459
67
64
705
499
904
866
393
772
614
397
298
263
289
116
99
39
599
846
412
668
306
974
469
393
355
526
450
639
404
988
149
325
153
647
328
39
636
482
709
91
308
718
980
267
178
767
72
500
568
221
390
253
110
82
587
643
490
915
833
849
323
416
454
197
339
141
362
550
542
115
722
121
139
809
902
3
206
843
611
641
967
557
261
851
811
113
749
159
52
260
947
681
304
366
729
296
643
488
355
412
202
128
998
476
717
544
756
20
576
253
89
443
711
371
870
618
451
182
527
624
133
715
507
771
573
973
880
498
319
139
272
637
803
598
940
262
88
225
395
840
701
17
911
101
908
500
916
679
650
630
30
908
39
358
622
652
295
255
296
838
330
458
324
990
774
889
135
996
559
302
510
358
529
482
23
677
330
98
147
516
94
828
436
253
879
767
599
551
681
456
597
114
688
961
988
698
223
724
477
9
22
277
962
903
943
605
318
397
485
99
144
168
665
861
629
584
82
804
722
560
384
725
595
584
598
260
115
637
106
579
64
459
953
937
466
433
780
597
376
330
761
985
318
148
112
436
471
689
267
768
836
811
344
722
878
589
694
15
229
220
850
163
941
900
789
765
762
463
971
823
745
992
691
786
970
350
894
150
813
924
110
806
376
37
804
666
530
28
686
126
327
642
651
160
321
169
148
399
255
157
121
415
860
802
765
216
223
969
392
518
323
500
911
636
434
305
673
386
419
123
904
989
748
539
155
285
230
590
140
306
964
832
690
896
151
718
133
209
706
529
226
585
476
942
42
877
215
491
219
509
916
612
850
344
721
411
171
679
593
726
288
162
822
722
426
174
133
342
494
536
645
514
175
595
174
14
564
869
115
111
757
767
539
940
0
540
753
47
546
369
902
463
4
282
872
930
588
78
97
639
524
56
247
337
212
423
579
392
367
399
896
466
268
630
962
951
604
571
625
954
466
536
912
683
388
568
998
809
885
75
329
181
260
231
353
209
76
241
768
880
81
505
492
567
4
451
479
793
699
706
4
16
216
271
821
335
220
319
133
5
904
482
23
403
840
88
578
759
77
534
657
185
909
350
603
434
488
309
604
629
162
829
718
694
616
659
336
870
281
875
824
817
682
855
272
638
382
919
179
549
321
994
147
944
767
306
216
640
341
998
182
504
27
17
764
334
13
351
60
646
341
56
44
617
639
573
272
154
41
79
594
529
876
120
136
377
227
633
927
164
199
954
105
662
100
536
505
662
668
944
775
585
470
18
948
953
355
849
483
731
77
998
122
551
475
756
700
288
701
543
829
34
625
918
65
187
768
727
17
450
873
73
603
100
543
557
229
294
841
982
901
189
294
327
376
521
218
924
957
656
858
624
957
38
840
885
570
170
979
547
217
364
871
847
389
683
252
533
178
755
174
96
562
395
480
262
311
405
157
585
974
334
613
0
492
37
16
972
160
721
258
158
596
930
867
702
833
810
841
390
823
637
621
717
878
691
279
175
244
670
599
121
779
854
889
35
629
66
628
679
367
906
879
189
927
32
832
649
596
996
635
500
649
182
555
822
77
678
64
174
634
992
405
976
599
60
844
293
260
505
617
25
930
850
552
405
629
640
404
428
824
926
292
83
571
444
140
802
10
83
590
47
909
240
3
65
71
20
26
578
750
503
474
182
167
156
496
784
163
904
520
980
337
196
746
935
257
370
451
122
67
85
485
710
466
769
748
65
272
465
237
694
390
535
973
755
832
318
915
796
732
123
155
597
421
258
976
212
592
405
445
13
322
367
449
983
892
815
357
996
844
344
42
62
361
93
172
92
195
98
149
668
900
773
303
858
567
739
522
263
299
608
638
509
460
590
118
110
479
566
809
796
48
69
270
276
90
157
531
284
898
901
994
779
984
547
785
896
882
317
372
738
303
287
169
398
861
462
