162
103
23
969
920
785
973
151
471
307
766
620
316
315
381
274
733
981
263
267
442
982
990
275
262
288
213
477
744
118
351
469
154
327
920
629
149
695
727
355
487
897
686
824
642
905
648
875
754
557
430
747
155
444
574
820
485
871
777
248
685
44
632
903
569
849
482
105
711
701
171
592
242
938
412
267
875
999
548
749
304
498
768
989
547
467
388
294
554
947
422
806
974
619
523
411
306
801
920
433
346
797
783
785
533
130
748
236
841
513
91
741
554
927
760
268
582
278
59
62
328
825
198
314
63
688
220
78
874
388
551
48
106
220
38
610
244
726
442
260
57
730
643
485
324
944
627
284
56
762
791
944
739
547
6
592
419
47
535
989
788
540
195
747
59
870
36
134
418
905
361
626
895
455
975
586
579
57
517
738
141
850
564
224
8
664
913
605
64
643
473
770
484
824
88
925
656
183
445
467
715
743
886
127
823
364
531
241
794
903
9
98
464
628
118
451
435
201
68
541
680
834
165
827
87
593
17
683
975
218
734
404
707
301
732
802
21
85
299
628
406
357
868
143
295
506
586
331
71
28
843
531
297
446
198
218
800
349
507
617
490
141
553
325
615
414
232
629
293
773
188
753
370
696
938
405
444
522
906
901
616
476
457
964
485
676
898
45
988
863
521
10
671
970
340
442
939
550
934
372
707
122
472
994
802
626
342
90
517
701
540
550
955
293
667
899
833
904
589
902
342
35
920
586
752
725
954
463
586
369
529
156
363
102
637
165
491
889
477
183
508
386
611
16
507
212
565
556
233
693
977
123
979
173
252
198
34
548
71
383
376
52
230
952
240
958
286
444
488
968
363
643
414
196
643
601
220
491
627
669
89
304
595
510
382
466
368
905
657
97
191
752
153
570
641
213
696
525
911
429
646
724
139
639
471
134
600
531
435
785
168
551
749
797
640
677
867
653
193
33
954
281
934
173
330
895
317
935
165
689
212
691
272
431
458
306
587
397
591
356
35
383
160
97
153
240
107
115
543
467
19
447
814
488
545
819
927
688
767
289
276
388
738
449
562
799
835
61
350
261
986
494
713
859
289
373
1
325
104
331
901
862
841
593
860
106
850
532
451
512
715
40
169
595
963
941
41
392
140
327
748
377
615
943
280
664
293
903
489
455
499
611
497
204
281
83
751
179
615
461
218
459
172
399
873
194
861
362
648
620
983
170
944
207
201
769
852
474
272
908
676
932
872
430
264
56
596
224
355
886
811
594
217
21
943
147
886
941
795
339
20
961
824
154
288
393
692
298
506
565
392
703
848
438
396
423
854
983
825
461
763
864
226
807
115
187
584
895
412
807
849
206
472
866
756
140
855
444
836
917
621
566
711
341
79
457
537
84
77
491
474
45
869
701
528
56
52
544
90
967
433
629
299
390
584
659
943
972
984
131
125
854
162
424
785
890
686
35
581
120
972
931
227
621
619
456
242
265
281
976
98
129
624
971
53
735
913
649
725
837
704
716
508
464
252
696
507
953
177
182
675
599
660
456
618
152
706
639
418
639
293
944
404
518
157
941
644
221
991
239
41
331
388
945
171
25
784
864
233
238
604
335
991
293
27
375
112
651
174
276
702
388
149
354
51
141
883
38
482
500
172
369
391
899
166
247
872
908
801
574
575
422
83
570
413
862
60
565
540
249
700
908
369
757
828
205
740
560
696
547
21
184
774
828
653
105
651
330
502
205
99
190
832
429
346
403
449
294
652
486
968
423
310
323
351
351
247
274
450
443
382
609
232
837
41
851
893
208
471
158
553
272
235
674
961
102
813
109
504
129
198
100
49
24
312
860
364
812
593
239
979
483
138
129
527
887
304
634
636
701
389
38
61
184
876
96
606
14
712
925
485
291
823
989
171
185
368
756
948
753
622
726
265
531
800
490
998
538
551
557
69
555
907
791
95
171
26
691
834
256
998
119
771
648
106
884
721
606
121
519
908
35
627
606
352
688
268
326
26
82
891
321
165
135
796
621
537
732
370
479
530
409
973
535
0
236
27
285
920
10
567
529
86
460
827
808
845
902
650
163
925
547
959
665
632
764
395
420
657
607
711
865
785
748
879
825
599
619
7
853
708
817
445
430
880
898
506
738
924
352
950
362
909
113
279
777
241
367
270
832
210
24
942
436
60
854
666
984
101
689
625
230
440
560
961
745
861
631
685
511
577
627
828
802
829
272
216
749
118
299
623
340
496
499
10
972
583
402
24
633
964
882
734
999
217
699
709
824
545
489
