483
503
458
200
582
137
924
286
666
568
661
596
525
191
804
920
133
222
765
886
472
642
963
897
241
90
829
974
173
273
795
749
315
827
657
965
329
93
346
595
387
878
912
95
991
836
952
803
820
948
979
608
385
394
222
871
818
16
699
192
124
823
800
51
858
944
557
929
896
62
796
53
77
530
393
621
997
41
993
911
340
366
926
202
463
640
768
466
789
391
968
599
723
17
590
483
100
827
818
326
367
14
759
816
962
152
668
34
341
116
372
425
769
239
653
960
456
768
61
105
430
627
17
159
700
473
872
139
413
240
923
713
146
459
472
223
544
190
772
442
65
648
965
28
824
84
18
126
190
886
890
341
329
959
849
100
788
765
425
895
618
690
637
575
892
56
913
902
442
294
173
257
830
505
152
581
700
353
409
959
477
566
649
844
851
648
509
250
599
840
255
297
110
591
75
658
426
64
311
658
229
500
988
906
464
907
690
319
649
90
223
201
531
589
360
346
87
409
776
925
601
78
989
656
229
576
162
847
184
482
759
598
363
310
21
363
818
506
613
110
708
530
160
814
674
381
985
690
234
887
375
672
661
916
687
669
268
668
518
522
514
839
59
439
59
69
355
87
162
778
182
927
215
357
47
948
104
812
546
744
694
414
221
697
688
860
136
150
198
773
969
343
652
732
81
528
486
856
602
377
818
648
266
613
544
777
257
525
55
805
421
929
369
402
479
770
487
316
22
231
559
976
442
873
129
974
411
877
433
601
928
198
991
847
819
405
211
480
281
830
259
237
208
848
559
78
9
600
411
855
228
770
251
40
451
926
494
936
575
195
545
421
670
355
708
27
582
506
490
615
676
243
218
950
765
185
106
502
158
448
131
353
142
846
135
826
584
449
183
630
607
165
897
192
931
194
23
848
208
528
235
281
813
320
54
477
114
761
272
928
818
844
297
110
432
492
54
626
702
893
816
108
785
24
382
381
272
960
794
762
675
820
377
507
169
913
780
215
465
739
972
382
770
505
82
242
598
882
796
523
697
311
404
822
176
679
963
777
36
321
378
349
789
601
985
49
659
690
664
375
216
516
506
61
714
867
698
410
348
292
590
322
988
284
760
80
471
830
980
360
600
601
899
718
240
620
821
134
864
47
246
449
426
295
63
832
629
237
893
760
102
261
535
275
396
742
984
983
108
98
253
773
427
131
481
216
474
688
939
623
891
11
289
25
442
641
598
900
655
685
246
266
80
601
515
657
44
50
96
989
666
982
658
813
991
365
543
726
174
793
830
464
945
948
662
723
422
181
899
693
134
302
331
867
55
189
694
441
696
740
508
24
316
831
264
939
552
458
986
406
367
444
19
156
14
308
41
356
401
823
266
982
851
979
150
767
37
196
309
591
422
968
823
267
568
400
290
508
651
445
918
596
635
941
509
680
781
961
78
318
799
940
136
860
468
786
428
834
391
626
227
326
335
514
830
370
337
69
277
492
308
412
623
506
693
230
264
967
546
141
264
983
292
247
24
131
261
93
712
449
825
180
156
715
674
741
989
714
723
595
723
751
838
897
184
453
432
581
896
191
370
517
853
434
947
357
247
854
857
249
216
806
399
365
29
658
592
919
592
845
74
574
586
904
669
481
887
218
578
302
850
890
633
933
359
555
490
137
71
66
309
115
398
671
878
346
624
774
464
147
122
609
90
736
62
460
294
480
326
820
966
220
89
380
354
209
347
350
884
927
702
595
493
325
599
991
40
798
428
684
675
180
753
937
807
15
649
374
997
298
1
255
864
563
1
243
801
325
572
135
933
620
583
460
268
644
694
554
578
334
666
207
280
791
871
257
157
327
25
387
477
3
566
295
140
488
903
736
636
365
520
147
257
651
183
202
22
876
857
100
177
580
288
349
369
41
96
101
224
235
137
623
251
911
199
360
710
878
829
2
100
733
297
373
876
745
968
313
440
752
594
289
303
111
472
31
722
604
850
329
372
983
53
77
354
634
402
695
778
681
281
835
863
944
276
856
394
681
288
892
837
422
694
422
538
336
25
212
296
717
535
905
309
352
498
74
359
136
153
374
524
702
15
656
977
172
37
466
807
463
499
944
74
577
577
254
428
774
356
854
335
360
277
586
135
937
27
442
749
68
544
859
360
265
321
237
821
587
351
302
136
344
163
8
443
532
735
324
67
626
239
282
802
521
438
215
30
254
596
473
313
652
77
81
506
756
229
141
888
291
584
49
623
175
630
785
75
637
915
30
193
386
21
691
773
939
582
283
758
156
