526
904
935
129
232
222
742
891
525
890
542
694
142
398
117
508
431
164
85
81
222
458
20
955
991
368
656
161
7
859
597
912
491
17
108
457
788
885
721
86
433
53
265
691
937
966
734
169
716
889
705
957
212
663
539
504
13
272
920
71
806
801
632
227
412
804
163
323
946
57
841
733
142
819
163
284
98
189
1
210
398
347
601
79
135
764
129
754
678
525
969
420
799
274
720
332
332
797
801
564
214
721
145
211
624
783
672
260
192
615
2
380
906
700
441
577
858
854
769
405
718
315
551
82
46
559
311
479
665
935
569
441
205
806
430
589
306
7
765
177
68
537
21
842
636
744
782
192
418
512
912
486
312
197
871
558
878
926
386
538
101
343
606
524
202
542
604
886
914
669
508
134
948
958
757
409
224
717
194
289
698
199
202
81
282
640
347
725
323
186
956
422
285
569
566
315
418
940
271
203
346
942
547
847
60
922
46
557
713
13
611
582
598
813
906
961
694
736
985
921
817
359
930
225
702
705
941
224
928
884
306
536
112
14
749
376
350
953
966
769
445
925
859
669
667
64
677
227
401
641
860
943
677
474
736
103
602
27
917
881
353
178
473
584
614
32
294
557
465
560
383
609
247
697
992
489
164
411
782
778
471
662
568
204
675
637
841
579
630
626
811
856
919
955
570
527
345
274
746
978
734
274
597
826
474
21
525
197
294
115
723
867
492
4
793
146
614
375
90
610
430
691
212
307
753
762
367
90
117
862
173
419
787
387
190
184
171
372
694
551
756
858
501
833
644
823
540
999
122
289
639
231
469
186
403
93
65
883
381
941
902
249
180
780
228
816
788
678
487
436
808
753
522
590
451
145
771
571
75
502
276
697
891
911
385
642
500
217
867
691
31
419
824
543
41
473
524
548
451
128
280
15
909
649
45
363
191
103
981
596
244
546
903
290
259
726
189
129
867
229
419
357
794
489
294
355
530
654
671
219
977
452
211
329
171
194
224
963
958
493
950
805
842
89
71
952
107
943
164
201
652
52
182
525
634
442
118
386
714
919
714
145
872
11
612
208
261
400
456
788
68
322
697
867
305
453
441
423
870
542
52
919
788
834
575
176
18
514
867
48
685
840
392
611
196
3
839
550
495
782
496
97
988
192
956
714
221
780
672
764
305
680
87
143
517
466
891
152
439
439
688
897
559
613
997
964
315
920
760
153
189
874
516
326
547
3
641
174
98
161
473
554
80
440
386
356
797
418
941
883
645
146
738
273
813
955
950
136
735
989
370
394
571
831
753
320
212
304
342
258
549
511
871
6
382
939
906
308
759
405
986
469
431
874
46
803
889
588
638
44
636
47
547
936
246
865
754
674
692
771
205
44
248
188
422
754
168
661
377
993
807
911
45
496
202
360
182
300
385
557
386
986
952
146
869
390
32
660
388
56
719
823
123
742
89
987
643
972
186
441
708
640
425
492
602
154
386
859
239
928
616
962
813
168
836
424
750
775
543
836
930
879
393
73
332
717
275
888
618
47
879
740
7
36
209
800
638
494
266
717
501
411
114
280
844
458
767
832
168
232
190
413
505
538
117
372
180
692
906
183
941
344
532
969
365
379
428
871
52
993
319
642
364
513
283
641
402
378
419
516
656
701
577
603
291
637
391
932
903
313
803
52
842
770
476
237
324
591
933
837
417
486
781
487
472
909
263
219
643
398
597
488
355
801
29
138
695
500
197
935
513
134
816
467
229
241
596
963
559
573
527
366
176
825
143
303
580
684
843
104
100
930
481
185
259
738
852
222
446
372
937
430
213
672
87
544
617
137
304
320
265
273
760
302
709
374
754
623
750
514
113
590
728
88
314
947
949
162
923
835
839
368
216
976
761
234
138
983
690
655
404
967
696
38
340
905
957
874
233
67
208
122
103
167
147
870
781
873
637
358
527
789
147
356
989
94
295
106
807
140
685
22
723
429
334
386
917
883
611
143
49
118
896
426
632
297
914
919
173
471
566
810
459
360
872
236
381
343
693
514
769
299
53
682
394
877
816
103
792
561
52
395
558
525
328
356
144
766
153
935
7
922
382
129
923
801
817
557
340
797
517
655
660
224
63
807
196
980
602
66
858
413
611
554
500
979
845
21
524
60
106
451
783
542
328
849
563
594
59
770
901
676
548
557
165
207
918
426
495
973
632
94
366
628
228
71
422
364
884
137
182
429
699
6
433
694
343
812
528
480
977
640
997
265
614
72
678
804
758
934
348
797
30
225
736
274
492
750
337
230
