499
780
807
832
156
264
367
529
302
964
223
472
769
760
615
647
395
477
251
348
111
106
48
312
853
964
956
14
771
176
530
515
729
160
885
756
361
945
660
392
661
845
612
243
339
185
267
339
844
349
792
235
226
579
753
826
519
366
20
135
426
721
7
835
461
440
330
171
410
39
250
689
284
94
385
198
481
237
145
670
805
714
112
488
754
348
204
992
395
330
607
370
592
677
718
597
996
439
116
586
74
527
44
584
462
171
451
222
584
200
892
852
706
112
141
366
371
944
318
589
173
109
194
244
672
291
326
708
561
730
150
580
413
821
463
401
16
16
975
646
754
397
384
328
457
515
788
569
210
220
459
735
600
858
791
456
335
581
713
731
218
267
444
854
88
524
798
48
653
505
623
99
397
881
851
544
252
248
297
718
609
244
678
256
417
68
476
322
255
984
467
896
433
695
402
883
190
633
550
385
883
858
761
576
821
248
294
470
744
321
921
352
262
27
772
165
52
713
571
479
414
919
409
365
59
939
700
599
675
888
307
672
188
968
207
889
492
941
991
312
449
844
110
276
149
782
512
67
845
501
682
634
640
999
158
896
460
706
469
271
203
805
80
680
277
918
815
227
568
53
642
392
51
380
206
717
792
361
526
716
551
530
211
343
519
220
271
515
503
392
835
518
803
267
945
223
130
184
275
257
996
723
778
499
537
733
515
719
29
927
228
629
968
429
436
539
97
498
840
531
410
377
697
233
774
686
955
823
471
266
617
176
613
205
644
301
753
443
427
519
207
54
923
970
482
707
360
617
641
372
588
804
351
945
627
523
768
188
610
158
40
464
636
707
630
301
275
402
669
706
968
96
954
47
274
6
801
583
290
390
547
334
967
570
203
837
253
913
518
711
753
750
992
622
199
694
227
175
700
454
74
191
752
359
619
577
43
87
147
277
976
653
964
398
694
657
625
663
755
325
331
563
396
212
100
721
248
406
200
648
747
981
627
389
901
95
685
598
842
776
842
889
221
43
903
990
749
365
663
477
610
270
587
526
968
964
320
844
666
318
697
804
506
610
797
864
589
668
452
282
412
732
908
679
524
83
368
258
759
273
895
682
684
397
762
994
657
90
623
882
849
259
251
679
224
187
701
684
35
187
101
474
652
177
235
236
331
169
675
832
441
587
702
506
934
672
637
99
10
914
87
25
384
144
433
76
375
179
413
101
762
599
259
922
191
913
395
450
949
522
789
450
830
941
264
930
508
267
31
207
504
176
354
573
541
313
736
944
931
261
465
7
248
669
714
686
593
937
866
735
62
353
145
700
387
989
657
356
746
769
244
864
30
224
893
352
219
219
794
694
761
550
239
751
840
232
630
249
269
142
530
878
930
130
900
924
499
429
108
389
829
950
209
834
41
749
443
351
894
249
949
83
269
475
241
23
533
37
852
176
567
418
8
363
181
522
200
868
251
722
998
170
839
607
992
290
796
301
442
135
490
312
965
571
114
126
692
645
77
399
655
935
620
98
856
162
570
437
347
272
70
936
891
702
309
127
775
324
452
578
44
219
947
611
212
354
821
956
996
292
579
850
755
969
368
498
350
399
55
574
624
446
937
163
791
741
644
146
122
380
237
154
478
839
197
775
368
875
929
65
405
416
683
307
653
235
934
501
733
191
999
537
908
120
344
255
133
787
318
101
371
245
538
199
292
791
300
823
684
307
514
312
330
589
601
581
527
577
643
841
699
893
878
922
761
706
534
760
819
413
792
980
384
188
895
710
690
479
692
191
716
805
70
543
200
560
529
244
991
678
34
769
90
988
233
38
549
721
367
897
699
677
479
449
757
669
793
91
835
867
185
652
277
142
46
873
203
675
455
653
465
855
648
776
190
274
466
361
684
721
112
496
34
249
605
538
572
955
707
458
228
344
431
121
842
762
1
33
391
372
295
676
871
311
736
708
957
203
782
30
704
942
397
728
587
20
432
99
147
299
770
79
937
137
730
586
887
860
568
541
95
30
885
819
423
347
335
271
225
945
137
81
975
563
553
692
100
353
122
879
197
160
818
350
790
754
174
756
977
241
578
271
633
485
301
120
500
567
152
534
287
81
103
254
620
29
768
561
695
735
505
210
350
383
518
34
182
919
616
882
186
789
345
805
207
965
923
671
379
911
928
285
147
416
916
946
428
768
167
756
313
327
415
65
139
660
531
265
903
12
914
657
760
531
161
121
694
386
827
779
55
574
963
208
905
545
437
201
697
7
978
439
190
582
650
79
223
427
636
102
