821
999
833
949
960
773
592
418
879
6
644
735
181
255
4
616
906
840
980
7
325
498
529
140
464
970
592
393
683
682
147
235
670
247
985
316
958
805
433
622
915
750
667
386
332
905
539
959
711
511
474
822
657
865
275
313
22
486
359
492
654
225
6
19
604
966
675
155
244
341
338
718
153
743
104
366
224
286
111
850
836
841
53
694
191
92
808
828
481
694
352
49
968
140
945
819
669
747
299
502
663
939
120
230
782
702
689
902
749
152
141
119
837
897
159
580
643
541
899
610
741
509
309
733
526
367
223
54
315
352
829
817
305
945
341
218
349
791
960
623
312
428
944
649
69
868
542
684
897
274
929
270
821
976
796
532
818
205
84
296
323
121
420
383
408
485
96
687
412
101
75
429
988
199
125
132
289
925
636
18
477
765
261
396
879
3
551
402
666
132
93
685
880
403
982
189
270
553
907
687
549
677
852
300
397
563
951
957
661
497
118
425
787
708
419
929
556
185
331
299
153
207
901
170
279
418
158
311
209
979
938
1
572
18
168
895
647
406
498
310
476
715
320
543
576
10
72
952
219
38
372
546
915
954
681
154
644
745
455
553
108
381
609
974
638
129
587
148
526
786
427
662
411
864
38
334
926
338
872
629
686
319
527
180
869
721
468
97
810
892
495
870
484
645
646
180
495
989
521
461
286
429
157
158
958
763
220
395
715
570
677
852
977
216
725
277
921
808
226
580
238
304
752
883
499
150
826
990
803
627
38
30
564
297
581
348
208
913
917
537
482
317
358
386
730
292
117
905
789
891
880
78
724
985
71
764
310
755
691
320
533
262
606
885
131
564
102
171
830
349
527
846
639
766
972
18
563
47
290
227
428
47
657
147
959
562
376
493
378
602
484
71
330
403
372
44
414
960
268
31
268
428
661
716
38
603
869
616
65
303
408
361
346
126
106
911
372
728
335
914
146
958
514
661
709
662
494
696
571
875
396
732
133
265
938
552
60
239
716
728
247
549
730
789
235
141
422
719
223
654
800
750
170
235
472
617
572
170
831
845
382
480
586
87
710
753
595
909
339
774
78
199
634
295
158
883
355
240
98
158
331
249
87
110
206
108
802
260
552
363
802
327
105
658
40
147
467
400
717
705
33
619
518
680
806
97
46
337
958
691
528
16
61
36
567
22
914
343
269
388
928
886
76
946
161
319
132
813
511
705
282
590
945
148
193
103
110
862
511
49
929
866
55
474
233
356
566
754
411
831
812
108
414
583
138
921
11
690
106
359
519
400
487
673
487
356
434
585
71
731
541
705
463
882
496
238
346
820
327
277
436
280
420
728
279
721
502
569
266
463
725
175
607
114
584
942
391
15
893
625
429
172
653
491
667
829
122
746
677
513
469
573
480
470
768
684
534
472
869
590
354
921
193
752
562
435
881
33
69
209
719
755
283
356
57
579
795
72
926
122
277
262
461
612
421
565
453
813
792
698
811
771
7
862
75
607
77
862
190
757
966
286
11
891
238
751
613
511
395
784
178
848
832
896
804
535
462
473
413
958
721
96
99
286
653
849
446
511
748
512
98
920
261
842
310
710
225
106
407
689
149
487
329
146
319
922
60
561
232
430
415
924
941
16
331
417
337
910
142
116
18
652
211
244
454
601
939
631
90
832
50
374
934
659
248
60
817
953
546
448
653
224
124
409
815
390
966
345
597
33
16
426
484
231
323
941
580
551
750
810
810
726
202
194
267
166
762
656
808
33
498
566
507
347
379
403
19
693
591
122
7
526
288
718
901
812
936
393
30
104
892
36
472
664
930
745
911
470
876
588
649
229
208
288
652
491
805
797
23
962
732
831
538
697
664
547
554
928
924
58
341
385
384
576
166
817
344
230
582
181
241
651
880
370
103
345
982
453
744
108
749
241
695
814
234
46
95
373
327
654
492
965
830
76
791
818
881
86
486
206
460
49
709
465
928
99
965
735
52
547
63
771
562
692
558
257
843
721
102
104
672
195
988
670
974
990
276
438
269
274
729
589
149
876
845
619
846
260
509
652
90
546
271
950
321
186
779
853
385
486
995
777
152
43
185
737
376
475
291
249
269
961
21
471
798
868
700
652
957
122
866
269
317
438
227
457
575
485
827
693
105
10
657
283
772
201
940
562
848
912
465
54
150
529
278
384
905
148
310
264
834
225
786
710
951
340
208
353
712
41
914
655
469
959
269
938
471
577
628
900
666
159
545
929
347
579
688
75
108
351
808
643
73
604
375
235
758
822
457
841
